{
 "cells": [
  {
   "cell_type": "code",
   "execution_count": 12,
   "id": "48807b14",
   "metadata": {},
   "outputs": [],
   "source": [
    "import pandas as pd\n",
    "import numpy as np\n",
    "import matplotlib.pyplot as plt\n",
    "from scipy.signal import butter, filtfilt\n",
    "from scipy.signal import hilbert\n",
    "from antropy import sample_entropy\n"
   ]
  },
  {
   "cell_type": "code",
   "execution_count": 13,
   "id": "a3de5c8f",
   "metadata": {},
   "outputs": [],
   "source": [
    "df = pd.read_csv(\"C:/Users/lazar/Downloads/S002_PSG_df_updated.csv\")\n",
    "\n",
    "signal = df['F4-M1'].values\n",
    "\n",
    "fs = 100 \n",
    "epoch_length = 30  \n",
    "samples_per_epoch = fs * epoch_length \n",
    "\n",
    "num_epochs = len(signal) // samples_per_epoch\n",
    "epohe = np.array_split(signal[:num_epochs * samples_per_epoch], num_epochs)"
   ]
  },
  {
   "cell_type": "code",
   "execution_count": 14,
   "id": "2c046621",
   "metadata": {},
   "outputs": [
    {
     "data": {
      "text/plain": [
       "3000"
      ]
     },
     "execution_count": 14,
     "metadata": {},
     "output_type": "execute_result"
    }
   ],
   "source": [
    "epohe[0].size"
   ]
  },
  {
   "cell_type": "code",
   "execution_count": 15,
   "id": "d9fed443",
   "metadata": {},
   "outputs": [],
   "source": [
    "bandovi = {\n",
    "    \"delta\": (0.5, 4),\n",
    "    \"theta\": (4, 8),\n",
    "    \"alpha\": (8, 13),\n",
    "    \"beta\": (13, 30),\n",
    "    \"gamma\": (30, 45)\n",
    "}\n",
    "\n",
    "def bandpower(sig, fs, band):  #filtrira signale po frekvencijama\n",
    "    low, high = band\n",
    "    b, a = butter(4, [low / (fs / 2), high / (fs / 2)], btype='band')\n",
    "    filtered = filtfilt(b, a, sig)\n",
    "    power = np.sum(filtered ** 2) / len(filtered)\n",
    "    return power "
   ]
  },
  {
   "cell_type": "code",
   "execution_count": 16,
   "id": "4444f799",
   "metadata": {},
   "outputs": [],
   "source": [
    "epohe_features = []\n",
    "\n",
    "for epoha in epohe:\n",
    "    # RACUNANJE FEATUREA\n",
    "    rms = np.sqrt(np.mean(np.square(epoha))) #ROOT MEAN SQUARE\n",
    "    mse = np.mean(np.square(epoha)) #MEAN SQUARED ERROR\n",
    "    mmd = np.max(epoha) - np.min(epoha) #MINIMAL MAXIMAL DISTANCE\n",
    "    zcr = ((epoha[:-1] * epoha[1:]) < 0).sum() #ZERO CROSSING RATE\n",
    "    se = sample_entropy(epoha) #SAMPLE ENTROPY\n",
    "\n",
    "    talasi = {ime: bandpower(epoha, fs, opseg) for ime, opseg in bandovi.items()}\n",
    "\n",
    "    red = {\n",
    "        \"RMS\": rms,\n",
    "        \"MSE\": mse,\n",
    "        \"MMD\": mmd,\n",
    "        \"ZCR\": zcr,\n",
    "        \"Sample Entropy\": se,\n",
    "        \"Delta\": talasi[\"delta\"],\n",
    "        \"Theta\": talasi[\"theta\"],\n",
    "        \"Alpha\": talasi[\"alpha\"],\n",
    "        \"Beta\": talasi[\"beta\"],\n",
    "        \"Gamma\": talasi[\"gamma\"]\n",
    "    }\n",
    "\n",
    "    epohe_features.append(red)\n"
   ]
  },
  {
   "cell_type": "code",
   "execution_count": 18,
   "id": "f2dde43d",
   "metadata": {},
   "outputs": [
    {
     "data": {
      "text/plain": [
       "{'RMS': np.float64(1.952208921289194e-06),\n",
       " 'MSE': np.float64(3.811119672361119e-12),\n",
       " 'MMD': np.float64(1.347676813916228e-05),\n",
       " 'ZCR': np.int64(224),\n",
       " 'Sample Entropy': 0.8002773336676623,\n",
       " 'Delta': np.float64(2.1453640729610608e-12),\n",
       " 'Theta': np.float64(3.72501464766949e-13),\n",
       " 'Alpha': np.float64(8.436520758288404e-14),\n",
       " 'Beta': np.float64(4.9607951237039713e-14),\n",
       " 'Gamma': np.float64(2.9346405922494765e-15)}"
      ]
     },
     "execution_count": 18,
     "metadata": {},
     "output_type": "execute_result"
    }
   ],
   "source": [
    "epohe_features[0]"
   ]
  },
  {
   "cell_type": "code",
   "execution_count": null,
   "id": "72f61608",
   "metadata": {},
   "outputs": [
    {
     "data": {
      "text/html": [
       "<div>\n",
       "<style scoped>\n",
       "    .dataframe tbody tr th:only-of-type {\n",
       "        vertical-align: middle;\n",
       "    }\n",
       "\n",
       "    .dataframe tbody tr th {\n",
       "        vertical-align: top;\n",
       "    }\n",
       "\n",
       "    .dataframe thead th {\n",
       "        text-align: right;\n",
       "    }\n",
       "</style>\n",
       "<table border=\"1\" class=\"dataframe\">\n",
       "  <thead>\n",
       "    <tr style=\"text-align: right;\">\n",
       "      <th></th>\n",
       "      <th>RMS</th>\n",
       "      <th>MSE</th>\n",
       "      <th>MMD</th>\n",
       "      <th>ZCR</th>\n",
       "      <th>Sample Entropy</th>\n",
       "      <th>Delta</th>\n",
       "      <th>Theta</th>\n",
       "      <th>Alpha</th>\n",
       "      <th>Beta</th>\n",
       "      <th>Gamma</th>\n",
       "    </tr>\n",
       "  </thead>\n",
       "  <tbody>\n",
       "    <tr>\n",
       "      <th>RMS</th>\n",
       "      <td>1.000000</td>\n",
       "      <td>0.917091</td>\n",
       "      <td>0.965791</td>\n",
       "      <td>-0.181539</td>\n",
       "      <td>-0.334621</td>\n",
       "      <td>0.919763</td>\n",
       "      <td>0.701656</td>\n",
       "      <td>0.747025</td>\n",
       "      <td>0.677378</td>\n",
       "      <td>0.670982</td>\n",
       "    </tr>\n",
       "    <tr>\n",
       "      <th>MSE</th>\n",
       "      <td>0.917091</td>\n",
       "      <td>1.000000</td>\n",
       "      <td>0.806729</td>\n",
       "      <td>-0.106428</td>\n",
       "      <td>-0.177218</td>\n",
       "      <td>0.983698</td>\n",
       "      <td>0.909083</td>\n",
       "      <td>0.932524</td>\n",
       "      <td>0.894306</td>\n",
       "      <td>0.890428</td>\n",
       "    </tr>\n",
       "    <tr>\n",
       "      <th>MMD</th>\n",
       "      <td>0.965791</td>\n",
       "      <td>0.806729</td>\n",
       "      <td>1.000000</td>\n",
       "      <td>-0.164480</td>\n",
       "      <td>-0.358995</td>\n",
       "      <td>0.819649</td>\n",
       "      <td>0.520464</td>\n",
       "      <td>0.579778</td>\n",
       "      <td>0.490585</td>\n",
       "      <td>0.482714</td>\n",
       "    </tr>\n",
       "    <tr>\n",
       "      <th>ZCR</th>\n",
       "      <td>-0.181539</td>\n",
       "      <td>-0.106428</td>\n",
       "      <td>-0.164480</td>\n",
       "      <td>1.000000</td>\n",
       "      <td>0.768556</td>\n",
       "      <td>-0.113002</td>\n",
       "      <td>-0.061057</td>\n",
       "      <td>-0.063327</td>\n",
       "      <td>-0.055218</td>\n",
       "      <td>-0.054727</td>\n",
       "    </tr>\n",
       "    <tr>\n",
       "      <th>Sample Entropy</th>\n",
       "      <td>-0.334621</td>\n",
       "      <td>-0.177218</td>\n",
       "      <td>-0.358995</td>\n",
       "      <td>0.768556</td>\n",
       "      <td>1.000000</td>\n",
       "      <td>-0.180889</td>\n",
       "      <td>-0.098617</td>\n",
       "      <td>-0.113148</td>\n",
       "      <td>-0.089609</td>\n",
       "      <td>-0.087417</td>\n",
       "    </tr>\n",
       "    <tr>\n",
       "      <th>Delta</th>\n",
       "      <td>0.919763</td>\n",
       "      <td>0.983698</td>\n",
       "      <td>0.819649</td>\n",
       "      <td>-0.113002</td>\n",
       "      <td>-0.180889</td>\n",
       "      <td>1.000000</td>\n",
       "      <td>0.863547</td>\n",
       "      <td>0.905992</td>\n",
       "      <td>0.847476</td>\n",
       "      <td>0.842229</td>\n",
       "    </tr>\n",
       "    <tr>\n",
       "      <th>Theta</th>\n",
       "      <td>0.701656</td>\n",
       "      <td>0.909083</td>\n",
       "      <td>0.520464</td>\n",
       "      <td>-0.061057</td>\n",
       "      <td>-0.098617</td>\n",
       "      <td>0.863547</td>\n",
       "      <td>1.000000</td>\n",
       "      <td>0.990156</td>\n",
       "      <td>0.999279</td>\n",
       "      <td>0.998838</td>\n",
       "    </tr>\n",
       "    <tr>\n",
       "      <th>Alpha</th>\n",
       "      <td>0.747025</td>\n",
       "      <td>0.932524</td>\n",
       "      <td>0.579778</td>\n",
       "      <td>-0.063327</td>\n",
       "      <td>-0.113148</td>\n",
       "      <td>0.905992</td>\n",
       "      <td>0.990156</td>\n",
       "      <td>1.000000</td>\n",
       "      <td>0.986660</td>\n",
       "      <td>0.984537</td>\n",
       "    </tr>\n",
       "    <tr>\n",
       "      <th>Beta</th>\n",
       "      <td>0.677378</td>\n",
       "      <td>0.894306</td>\n",
       "      <td>0.490585</td>\n",
       "      <td>-0.055218</td>\n",
       "      <td>-0.089609</td>\n",
       "      <td>0.847476</td>\n",
       "      <td>0.999279</td>\n",
       "      <td>0.986660</td>\n",
       "      <td>1.000000</td>\n",
       "      <td>0.999915</td>\n",
       "    </tr>\n",
       "    <tr>\n",
       "      <th>Gamma</th>\n",
       "      <td>0.670982</td>\n",
       "      <td>0.890428</td>\n",
       "      <td>0.482714</td>\n",
       "      <td>-0.054727</td>\n",
       "      <td>-0.087417</td>\n",
       "      <td>0.842229</td>\n",
       "      <td>0.998838</td>\n",
       "      <td>0.984537</td>\n",
       "      <td>0.999915</td>\n",
       "      <td>1.000000</td>\n",
       "    </tr>\n",
       "  </tbody>\n",
       "</table>\n",
       "</div>"
      ],
      "text/plain": [
       "                     RMS       MSE       MMD       ZCR  Sample Entropy  \\\n",
       "RMS             1.000000  0.917091  0.965791 -0.181539       -0.334621   \n",
       "MSE             0.917091  1.000000  0.806729 -0.106428       -0.177218   \n",
       "MMD             0.965791  0.806729  1.000000 -0.164480       -0.358995   \n",
       "ZCR            -0.181539 -0.106428 -0.164480  1.000000        0.768556   \n",
       "Sample Entropy -0.334621 -0.177218 -0.358995  0.768556        1.000000   \n",
       "Delta           0.919763  0.983698  0.819649 -0.113002       -0.180889   \n",
       "Theta           0.701656  0.909083  0.520464 -0.061057       -0.098617   \n",
       "Alpha           0.747025  0.932524  0.579778 -0.063327       -0.113148   \n",
       "Beta            0.677378  0.894306  0.490585 -0.055218       -0.089609   \n",
       "Gamma           0.670982  0.890428  0.482714 -0.054727       -0.087417   \n",
       "\n",
       "                   Delta     Theta     Alpha      Beta     Gamma  \n",
       "RMS             0.919763  0.701656  0.747025  0.677378  0.670982  \n",
       "MSE             0.983698  0.909083  0.932524  0.894306  0.890428  \n",
       "MMD             0.819649  0.520464  0.579778  0.490585  0.482714  \n",
       "ZCR            -0.113002 -0.061057 -0.063327 -0.055218 -0.054727  \n",
       "Sample Entropy -0.180889 -0.098617 -0.113148 -0.089609 -0.087417  \n",
       "Delta           1.000000  0.863547  0.905992  0.847476  0.842229  \n",
       "Theta           0.863547  1.000000  0.990156  0.999279  0.998838  \n",
       "Alpha           0.905992  0.990156  1.000000  0.986660  0.984537  \n",
       "Beta            0.847476  0.999279  0.986660  1.000000  0.999915  \n",
       "Gamma           0.842229  0.998838  0.984537  0.999915  1.000000  "
      ]
     },
     "execution_count": 45,
     "metadata": {},
     "output_type": "execute_result"
    }
   ],
   "source": [
    "data_za_korelaciju = pd.DataFrame(epohe_features) #pravljenje dataframea\n",
    "corr_matrix = data_za_korelaciju.corr() #racunanje korelacije parametara\n",
    "\n",
    "corr_matrix"
   ]
  },
  {
   "cell_type": "code",
   "execution_count": 49,
   "id": "b6d248fe",
   "metadata": {},
   "outputs": [
    {
     "name": "stdout",
     "output_type": "stream",
     "text": [
      "RMS i MSE: 0.92\n",
      "RMS i MMD: 0.97\n",
      "RMS i Delta: 0.92\n",
      "MSE i Delta: 0.98\n",
      "MSE i Theta: 0.91\n",
      "MSE i Alpha: 0.93\n",
      "Delta i Alpha: 0.91\n",
      "Theta i Alpha: 0.99\n",
      "Theta i Beta: 1.00\n",
      "Theta i Gamma: 1.00\n",
      "Alpha i Beta: 0.99\n",
      "Alpha i Gamma: 0.98\n",
      "Beta i Gamma: 1.00\n"
     ]
    }
   ],
   "source": [
    "\n",
    "for i in range(len(corr_matrix.columns)):\n",
    "    for j in range(i+1, len(corr_matrix.columns)):\n",
    "        col1 = corr_matrix.columns[i]\n",
    "        col2 = corr_matrix.columns[j]\n",
    "        corr_value = corr_matrix.iloc[i, j]\n",
    "        if abs(corr_value) > 0.9:\n",
    "            print(f\"{col1} i {col2}: {corr_value:.2f}\")"
   ]
  }
 ],
 "metadata": {
  "kernelspec": {
   "display_name": "Python 3",
   "language": "python",
   "name": "python3"
  },
  "language_info": {
   "codemirror_mode": {
    "name": "ipython",
    "version": 3
   },
   "file_extension": ".py",
   "mimetype": "text/x-python",
   "name": "python",
   "nbconvert_exporter": "python",
   "pygments_lexer": "ipython3",
   "version": "3.11.9"
  }
 },
 "nbformat": 4,
 "nbformat_minor": 5
}
